1011.mat 74.5702767156 -4.2564249244 -1.7296765810 0.3967328803 -2.0239408458 0.0916636670 -0.4029326593 0.1721448623 0.0232431402 0.1792504014 0.1131772154 -0.0308983480 -0.6728056837 -0.1139610097 -0.1546031393 -0.2617179627 -0.1799941422 0.1446013791 0.2760979269 0.0360507552 
1026.mat 69.9924260311 -0.5026337665 -1.2808715659 0.6445887537 -0.1987885887 0.2439695741 -0.2426640404 -0.0815303295 0.2260694371 0.3743604945 0.0874162360 0.0313655295 0.0939480895 0.1751389315 -0.2053163967 -0.1306781702 -0.0257619285 0.1974929971 -0.0327286919 -0.0422675961 
1031.mat 79.9593574747 -2.7701089875 -0.4713521310 -0.5186409413 0.4149906934 0.0376515577 0.0033264762 -0.0566172008 0.0863560743 0.2135249704 0.2223345430 0.0315000076 0.0084561854 0.1222676164 0.0474664884 0.2218876961 -0.0541767600 0.3279254442 -0.0720219059 0.1351044296 
1086.mat 61.6569105286 1.4174848859 -3.1509707809 0.2792308669 0.0658208756 -0.1438156074 -0.2443347727 -0.0760179645 -0.1424187112 0.1740997516 0.2290753020 0.0707218285 0.1283961634 0.2301975060 -0.1767913694 0.1009323278 0.0160200580 -0.0855818616 0.0093495968 -0.1386748124 
109.mat 76.9351782717 -2.1463969429 -3.9741289952 1.0615696507 -1.6470569055 -0.2116616467 -1.0295030787 0.6817611255 -0.6479616064 0.3866567538 0.0583594379 -0.2126775136 -0.4906765062 -0.8136999169 -0.1856559286 -0.5143005897 0.2975159822 -0.1688981995 -0.4598071585 -0.1911979119 
1090.mat 73.1376298820 -2.7776864794 -0.4485268802 0.7540507941 -0.7658121379 0.2851387192 -0.7027931229 -0.3678565422 -0.1292499293 -0.4684139452 -0.3392322357 -0.2458330573 0.1120579954 -0.1655654842 -0.3501771831 -0.2992574378 -0.1824539273 0.4380692811 0.1499207077 0.0284425711 
1105.mat 77.2459104079 -2.7701527287 -0.7884046740 1.1609308495 -0.7309504181 -0.0706940730 -0.8851744661 0.0004748251 -0.3639357068 0.2979344568 0.3961828578 -0.1182545190 0.1992226516 -0.6333410470 0.1840067538 -0.2717829918 0.0810280986 0.6194888654 -0.4871774562 -0.1945877158 
1121.mat 60.6576200047 0.4317175734 -1.5334052668 0.8843100718 -1.0388600119 1.3248873666 -1.0039093266 -0.0971382014 0.0897273237 0.0560407870 0.5661452733 0.0654137397 0.0873135650 0.0372382974 0.0498578891 0.0986413491 0.0192245620 0.0487788259 -0.1547748283 -0.1410981256 
1130.mat 60.2734130000 4.8087829991 1.2461401945 1.3929381877 0.9015226117 0.8023281151 -0.1934099424 0.1255451691 -0.6029761155 0.0700728545 -0.4011049566 -0.2471992239 -0.3799361741 -0.0084154064 -0.2595645427 0.2397820595 0.1186123506 -0.1105527777 -0.0383264965 -0.0704457138 
1138.mat 62.1366142052 0.6818509069 -0.0451429934 0.7274674462 0.3447264991 0.5736038526 -0.0435528496 -0.0561849073 -0.4963406504 -0.2782215888 -0.2042897534 0.2710107843 0.3071931375 0.3196169858 0.1289846732 0.3806258605 0.2446561595 -0.1160596188 0.0136584122 0.0590822257 
1171.mat 72.5734356290 -3.5342347220 -1.5278131453 0.1086175744 -0.8834725509 0.0321417674 -0.1957805211 -0.4679259915 0.1587087950 0.2274615104 0.0652780833 0.0899106167 0.0428388992 0.0814559518 -0.2927588939 -0.2611213710 0.2738401895 -0.1467898733 -0.2453031231 -0.1696785834 
1194.mat 75.0449683109 -2.7415162109 1.6799572137 1.4120600670 -1.2090924521 -0.5207856644 0.0378842962 0.0180699977 -0.1573092909 0.1582299166 0.1386624558 -0.0766825028 -0.3433308887 -0.0458312674 -0.1850540809 0.0769903577 -0.3398696763 0.1445142139 0.1233339492 0.0087263751 
1202.mat 58.0029233622 -1.3756453493 -0.6551403255 -2.0111231831 0.7748150927 -0.3420342486 -0.1834824148 0.2615786769 -0.2129651437 0.5542671126 -0.5320050412 0.2982901639 0.2927845866 0.3064394115 -0.0609532720 0.3981782233 -0.0708602361 0.5429785241 -0.0061339218 -0.3478641755 
1209.mat 63.2493731342 0.6004902389 -2.2689680146 -0.7310687138 -0.3484246159 -0.3738822837 -1.5318453485 0.5347165460 -1.2155166101 1.4832805176 -0.4307774822 0.8516478983 0.3208924424 0.9703104428 -0.4629710341 0.0351510563 -0.0911063805 -0.0081601434 -0.2431860845 0.2520247054 
1218.mat 70.3309741222 -1.7675388307 -1.1629165530 0.2054323701 -1.4205035382 0.0722317339 -0.4141276876 0.0764481896 -0.1202113747 0.0968841053 0.0011563094 -0.0588827472 -0.6671556029 -0.3026439967 -0.4639842704 0.3675070036 0.1319885477 -0.1170028430 -0.1937520676 -0.3370089911 
1220.mat 70.4838912469 -4.5515430323 -0.6706335746 0.3096690869 -0.5584070492 0.0904631798 -0.5019984260 -0.3417707462 -0.6015735957 -0.2469641518 0.1371827606 -0.3694642956 -0.1043598287 -0.0017593460 -0.3752054273 -0.0393667502 -0.5222769228 -0.1314052932 0.1251077017 0.1680201141 
123.mat 67.9304753465 -1.0310779912 -1.6666144874 -0.1057973846 -1.5361198632 0.0996040950 -0.5804818155 0.3990882938 -0.3255027569 -0.4177538237 -0.6243001225 -0.4595887931 -0.0054346730 0.2155107730 0.4359009786 -0.3275427156 0.0404838007 -0.0753755709 -0.2056086418 -0.0646187650 
124.mat 74.9332082914 -2.3690318706 -1.6877980630 0.3785144764 -0.8873564488 -0.3281993078 -0.2447482834 0.2212657322 -0.4164242775 -0.0119680964 0.2148476615 0.0533034490 0.2999033907 0.4036784400 0.0815857383 -0.1640874639 -0.0412166580 0.0624684725 -0.1497290073 -0.0562702657 
1243.mat 50.7655895919 5.6238505046 1.8665235207 1.1021977762 0.3616589358 0.0607008109 -0.2812600201 0.4058936781 -0.2263189768 0.3068128440 0.1684776057 -0.4225815069 -0.1562449819 -0.2571330650 -0.4080041902 0.0955705853 -0.1232267748 0.0246428987 0.1403245960 0.0592676505 
1284.mat 65.6296698400 2.3491064214 1.1119788579 1.3988361727 -0.7810898223 -0.3906181928 -0.4074626631 -0.2938109112 0.0401029670 -0.7399923459 -0.4041335140 -0.0705896605 0.1943246332 -0.0363889739 0.1750068524 -0.1847756237 -0.2560032789 -0.6086094227 -0.0473294098 0.5406448820 
130.mat 68.9529167038 -3.7515043169 -0.4934658667 -1.2682214098 -0.4283455828 -0.5223028358 -0.5905888555 -0.3805004799 -0.0167408509 -0.2252090576 0.0445975308 -0.1313842391 0.4861149682 0.1358531768 -0.0212750184 -0.3747977453 -0.3778484303 -0.0539988457 0.0851210317 0.0332686823 
1351.mat 58.5346679215 4.5284186961 -1.6036268380 0.2572710282 0.5156628331 0.9401416934 -0.2115541981 0.4375955000 -0.2538048110 -0.0569566189 -0.1804039204 0.0503038846 -0.3681188729 0.0464985336 -0.3564576367 -0.3672990484 -0.4478104659 -0.3827339111 -0.4562596861 -0.2455388847 
1352.mat 70.5490169326 0.8117600702 -3.3863258968 0.4987400869 -1.0166753364 0.1704929613 -0.4788497370 0.0236730120 -0.4669730795 -0.6168946493 -0.0822356699 -0.1183377760 -0.6884206628 -0.5107557344 -0.7836687878 0.0677257303 0.4606069835 -0.0744732942 -0.3912449699 -0.2473481425 
1364.mat 59.1321956956 4.2255502895 1.3402953033 0.7489218051 -0.1532744267 -0.0050139937 0.1947193295 0.5500951822 -0.2808745853 -0.2998446686 -0.4095139871 -0.4275181900 0.1441762495 0.0652917643 -0.7883761116 -0.1063877321 -0.1535494135 -0.3136705779 0.0061973665 -0.0511675032 
1370.mat 77.5318934048 -0.6331424534 -3.2918949882 -1.2668139025 -0.6674382412 -0.8987498327 -0.6893862997 -0.0271678413 -0.2156834905 -0.4341962086 -0.2977435614 -0.2421795373 -0.2969707987 -0.0246939711 -0.4026493033 -0.0295571022 0.0823169679 0.1996516943 0.0032908104 -0.1133355132 
138.mat 77.2630967477 -0.9448782763 -2.9877722466 1.8902296228 -0.9293167120 -0.7294916981 -0.8475804667 -0.7812603120 -0.1636158223 0.5643629602 0.3473354697 -0.4552202372 -0.1731742733 -0.2378622747 -0.1891732019 -0.1709856782 0.4832930509 0.1913462355 -0.0661732733 -0.3641274820 
1386.mat 68.6078113914 -1.6160655835 -3.4613350023 2.0552005785 -0.9505397122 0.4795604466 0.3096318274 0.3357753161 -0.3627382767 -0.1477403664 0.0903373112 -0.5917569143 0.4153446411 0.0417789002 0.2155646264 -0.2400116139 -0.2274909505 -0.5618428821 -0.2970527552 0.5351810115 
1388.mat 70.7096374476 -0.7820984637 -0.8131736025 2.4600162126 -1.0728012466 -0.0029773401 0.0699999409 0.9359093386 -0.5546754467 -0.1578747294 0.4766736062 0.3878473267 0.4653962920 -0.1750595283 0.0437716605 -0.1071405547 0.0970664045 -0.1515978418 -0.6486340729 -0.5854889307 
1392.mat 74.2424441656 0.4358752053 -4.1179925443 -0.5834551537 -0.2990813171 0.3515496126 0.0824245460 -0.1447297146 0.1013726266 0.5400323921 0.8063963603 0.4832388933 -0.0875537991 -0.0543222074 0.1346835319 -0.5032771407 0.1669409864 0.0464505068 -0.6750731441 0.2594786639 
140.mat 80.2672869930 -4.7179849938 -4.3956562260 1.0399555682 -0.7254914462 -0.8568638192 -0.7130739902 -0.7752283788 0.0502068432 0.6889856937 0.4485325450 -0.3813056275 -0.1212251338 -0.0385602469 -0.2250617425 -0.0860970339 0.2445860078 -0.1083433066 0.0844778648 -0.2142735993 
1419.mat 60.8373305221 4.7342976467 -0.4550873723 -1.3115487208 0.6212831997 0.6497393019 0.0954117596 0.1306228516 -0.1460975054 0.9407436883 0.9272891886 -0.4626746630 -0.6844423410 0.0554947218 0.5982048190 0.0321904572 -0.7151186307 -0.2916241219 0.1125618928 0.5207125252 
1460.mat 80.4981324494 -4.4703989814 -1.7064469094 -0.9721270104 -1.1986663919 -0.0385558150 -0.9117462122 -0.1805009030 -0.0281493609 -0.5964370776 -0.1495931102 -0.3810964503 -0.0893014912 0.1857878010 -0.1706441453 -0.3184149345 -0.0291921391 -0.0813826441 -0.2304526989 0.1974418529 
1524.mat 52.9952218486 -0.4902664480 -3.2836109079 1.2773614844 0.1556708485 -0.9534812091 -0.2453536303 0.5807479657 -0.1276825186 -0.0155351315 0.1970269523 -0.0350477856 0.2040896229 0.3983728714 -0.0660212698 0.5023316101 0.4731010445 0.7693129187 0.1171922014 -0.4877258094 
1540.mat 86.6727085596 -4.7127865796 -4.9372558787 1.1788458812 -1.3159301576 -0.2216214302 0.0322942962 0.4857133996 -0.1532393131 0.8764809767 0.6697432953 0.6593011069 0.1221397351 -0.0154686282 -0.6249180503 -0.3769862125 0.0795385658 -0.0847045536 -0.0491230007 0.0089492993 
1580.mat 53.3874309197 1.4956801296 -3.1788602902 2.2259098583 0.1168075610 -0.9676137910 -0.3388136864 -0.1685551498 -0.8226845682 -0.6045867129 0.0932489168 -0.5444612335 -0.2263766277 0.4344710303 -0.2174899794 0.2408353390 -0.0371002132 -0.0977916564 0.1886842880 -0.0122790478 
1611.mat 80.0322824602 -0.9963454509 -1.6630758005 -0.0789995729 -0.8946936044 -0.7242986030 -0.2315345832 -0.3430433440 -0.3911383554 -0.0924215214 -0.0820458830 -0.1468504816 0.0342983012 0.1448048740 0.1228223401 0.0923932540 0.1904857781 -0.2393451898 -0.0440504393 -0.0915340344 
1620.mat 61.0050283622 -1.7273408670 1.9236358041 0.6166992511 0.4719509884 -0.3055456778 -0.4995451318 -0.1135428308 -0.1648007338 0.0981744106 0.0451917729 0.0761941517 0.2603293508 0.4050384525 0.2468539339 0.4076946192 0.1874554969 0.0112564135 0.4267361796 -0.0238814399 
1643.mat 70.4927520191 0.6112567057 -0.4524699961 0.6060726148 0.5739643907 -1.7069195394 0.2095820694 -0.7758455713 -0.0569975986 -0.5336450532 -0.2784099394 -0.2760980680 0.2204805201 -0.1771644476 -0.2547197930 -0.0776213396 -0.2169795335 -0.0655720403 0.4195710044 0.1332571911 
1650.mat 71.7140403609 -3.0943836344 -0.8647317737 -0.7243992216 -0.8307295351 -0.5764012524 -0.3246873521 -0.1282012175 -0.2635463283 -0.2658477091 -0.4381162085 -0.5431487979 -0.2170866029 -0.4600454449 -0.7751975548 -1.1308808084 -1.0001631209 -0.1032018711 -0.1162731577 0.3454354817 
1691.mat 77.0961588678 -4.2140346533 -0.6899101607 1.2254157186 -0.8164698931 -0.5504648013 -0.7081241705 -0.0270491849 -0.0460745239 -0.0467796664 -0.2436790520 -0.0452085567 0.1681953053 -0.2183460632 -0.0343953840 0.1191844165 -0.0214725876 0.1936488498 0.3568017395 -0.0634951027 
1724.mat 74.6872702761 -3.1272254661 -2.7510874536 1.6195857172 -0.5192683730 -0.0923154204 0.2133200722 -0.1966017648 0.5893160012 -0.0337611276 0.1945893465 -0.0818403283 -0.1957783923 0.2700049318 0.1850839001 -0.0801001798 0.2708928874 0.0333963153 -0.0689058264 0.1068160635 
1734.mat 65.2158884413 1.1932210999 -2.5242947030 0.6476448096 -1.6974915411 -0.0295987432 -0.4102566465 -0.2555755524 0.2611829723 -0.2145728613 0.3389687024 -0.3502624629 0.5441630625 0.0876756138 -0.1809728466 0.7583228152 -0.0472273835 0.4510694925 0.4713295942 0.1084781069 
1797.mat 67.2660749398 -4.1573656395 -0.9585862696 1.0573825259 -0.9389507946 0.3349248938 0.2462266666 -0.1769817242 0.1444024303 0.0308645694 0.1757062178 0.4505612620 0.2044255122 0.1123152125 -0.1218959056 0.0741225261 -0.0056074089 -0.3333981769 -0.0607939927 -0.1205952841 
181.mat 60.6303135875 -1.4008529930 -0.1390344974 -0.7935407414 0.1022587348 0.7766585521 0.5637242685 -0.3509428706 0.5595951570 0.5220733813 0.1837418183 0.2342538294 -1.0348570447 -0.6152153673 -0.7592556041 0.5387379971 0.4998626832 0.2143681020 -0.7524803913 -0.8109102801 
1835.mat 74.8117644762 -1.2288595647 -0.9198829895 0.9264137384 0.0626300377 -0.2913484421 -0.7705739792 -0.0168866914 -0.2754704671 -0.1922750557 -0.0287857731 -0.0059259861 -0.3278829593 -0.0068345064 -0.2044070685 0.1844197114 0.0508499528 -0.1309624405 -0.3687061018 -0.2020080543 
1840.mat 73.6664533492 -1.0884246170 -0.6479636626 0.4864478087 0.6778479699 0.1411385359 -0.0789562511 0.0742428018 -0.4212905079 0.0934197936 0.5208314500 -0.0850432518 -0.0323094059 0.1334294278 -0.0198087511 0.0946695158 0.1043536110 0.1401044486 -0.0049794553 -0.3401304687 
1846.mat 60.7177856303 -1.3825319260 0.2547289923 0.9672279873 1.0093604214 -0.4401739357 0.5129745891 0.0681306723 -0.5905461139 -0.7709915454 -0.1439638513 -0.3559317522 0.0106885670 -0.1447179601 -0.2610398261 -0.2211147922 -0.0032181954 0.0321537480 0.3185610188 0.2678006737 
1893.mat 82.4688422663 -6.2123209254 -2.1826565865 0.9673850173 -0.8043547918 0.0796491001 -0.2110759410 0.4735666042 -0.3428085723 0.2002984492 0.1698447102 0.2915431445 -0.4088490188 0.1156347906 -0.4052985655 -0.2759461474 0.1531453510 -0.0241654533 -0.0190348185 0.2475925450 
1895.mat 81.3780080211 -6.0287818659 -2.3338619244 1.7747214929 -0.5574566592 0.0362096305 -0.1064145185 0.6733430137 -0.0483263653 0.1317087287 0.2897448116 0.3072157553 -0.2834291679 0.2132196229 -0.3116653278 -0.0417312452 0.1624851742 0.0404838550 -0.1618355859 0.2824689060 
1909.mat 63.9071736659 1.2402420241 0.7659173858 1.8529128362 -0.7020628793 0.2459439258 -0.5885064509 0.5555975507 -0.3510375819 0.3672119720 -0.8079710760 0.0122404491 -0.0873842649 -0.2995715294 0.0319560187 -0.2128600374 -0.0727708712 0.2042504269 -0.2218092797 -0.1645027568 
1915.mat 72.2493569703 -2.5685414308 -0.1140225565 -0.2221180295 -1.2725766495 -0.3218233865 0.3271815892 0.2555942690 0.3353436265 0.0703794921 0.0042694584 -0.0664053314 -0.2587146164 -0.2339264258 -0.0027747793 0.0985021017 0.3677589878 0.3525051810 -0.1981696799 -0.2526795449 
1916.mat 65.7260540305 -2.1278118752 1.7424885561 0.0104687809 0.6446879220 -0.8395094392 -0.2286091862 -0.4903940234 0.0098819106 -0.5046174452 0.3575959127 0.0779861620 -0.1269786910 0.6306824462 -0.4493722177 0.0215230418 -0.0381323243 -0.3899805567 -0.1611611309 -0.0691140759 
194.mat 81.0046590409 -2.9715489120 -3.8469728553 -0.0770633383 -1.0912091765 -0.0039682568 -0.2748621643 0.2029114184 -0.4215235686 0.1084241656 0.1563664081 -0.1998739090 -0.0611707963 -0.0639516152 -0.0897461614 -0.1527484686 0.0114204409 0.1339116799 -0.3309276806 -0.1052640025 
197.mat 74.1885253097 -3.3133217686 -1.0369720236 -0.2891952613 -0.3722241785 0.2414867042 0.1928365987 -0.2388539929 -0.1498754737 0.7041373412 0.4999414848 -0.3304292826 0.0076297349 0.0419998991 -0.1714131090 -0.1804081633 0.0537329236 -0.1910135591 -0.0848430280 -0.0408000780 
2000.mat 72.6133192814 -2.6367439809 0.1971995058 1.9205897453 -0.2156817905 -0.1159580194 -0.2133256713 -0.3329058828 -0.1497344904 -0.4199548939 0.0712577672 -0.3555386323 -0.1249695273 -0.1755390631 0.0098943117 0.3423214630 0.3270535001 0.1434774707 0.0673520604 -0.3884103495 
2014.mat 69.9349232527 -3.6087073242 -1.7474101733 1.1428773586 -0.7069128796 -0.0708498356 -0.2602113607 -0.2229522166 0.2817484566 0.2759764156 0.1657264694 0.5527983842 0.2280257739 0.5217589182 -0.4807507427 0.0790072157 -0.0320078586 -0.2208739483 -0.1700948983 0.1002037219 
2056.mat 65.0473352136 0.0124059943 -2.6736607141 0.3924612084 -0.3713639495 0.2486474902 -0.3802525718 -0.0195371052 -0.3315588977 0.0733115161 0.0085142161 0.2121928984 0.3224122729 0.2554577257 -0.1221249274 -0.0731415416 -0.7301558156 -0.0317834299 0.1581935858 -0.0576629135 
207.mat 78.2034310985 -1.2941297925 -1.9502695974 0.4594770394 -0.5410379046 -0.1859759798 -0.1434670564 0.3527880240 -0.2687553889 0.1837319360 0.1095612950 -0.0838758932 0.1111219511 0.0324915125 -0.0309096796 0.0293708587 -0.3018500116 -0.3119932268 -0.0860851424 0.1272618797 
2138.mat 57.5492814605 4.2256223835 1.1214166081 1.0752653177 -0.9956341493 0.6551903098 -0.2919888275 0.0676850822 -0.1337935406 -0.0357520252 0.0500350659 0.2837439099 0.0864110549 -0.4937241062 0.0538711627 -0.0391058402 -0.1055935237 0.3878508598 -0.2144393625 -0.3689334982 
214.mat 78.6311909318 -2.1434534503 -0.6408576993 0.6291937557 0.4577986653 -0.2261090874 0.4340568107 1.0522932905 0.2817138761 0.0812826694 0.0260611692 0.0325691581 0.3303700303 -0.0283508210 -0.1465901914 0.1972306761 0.2242001125 0.0961521564 0.1580035617 -0.0873666762 
2146.mat 59.7158571099 1.0496640767 1.9280680926 -0.8511072000 0.8053153910 -0.3781600453 -0.0973494252 -0.3592055724 0.2601109482 -0.2801170580 0.0134085508 -0.2623829206 0.2088555139 -0.0822091748 -0.1379820233 0.2224860429 0.6423400510 0.2193840320 0.1643057573 -0.0584129447 
2222.mat 78.0924039434 -2.6168896093 -3.0023479206 0.1678837618 0.1829172681 0.4815652948 0.3479761321 0.2027052751 0.3490692145 0.3512899268 0.4015509289 -0.1222423159 0.3230239868 0.0381799235 -0.5241153671 0.1477578229 0.1187172655 0.3038257771 0.0264837389 0.0700907895 
2239.mat 77.0977851320 -2.1085420168 -1.4210286032 1.5035870337 0.0830436130 -0.9560390294 -0.5602170080 -0.2816866444 -0.0235685991 -0.3037197326 0.2688339020 -0.5797115996 -0.0549494351 0.2753932011 -0.3997983041 -0.0501034246 0.2466704949 0.1613547575 -0.2016127814 -0.0957328420 
2244.mat 76.1744370738 -1.5269244304 -0.3258910261 1.5445101075 0.3231266891 -0.2206171815 -0.1685449085 0.8989863598 0.0853062286 0.2051825737 0.0086797070 -0.0035306211 0.0295283740 0.1130103658 -0.0488925103 -0.0771531405 0.2974111203 0.4338819028 0.1880915759 -0.2370553009 
2261.mat 77.7148326520 -4.1088762671 -2.4119538042 2.2459369553 -0.7522415027 -0.9536587065 0.1588120358 0.5249397970 -0.3268491205 0.1342380909 -0.1865973651 0.1132432215 0.0799149850 0.4999943470 -0.1699481510 -0.5941509419 0.3700393226 0.0213082818 -0.2743753199 0.0004866816 
2269.mat 69.7837319263 -3.2952448672 0.7190217396 0.0087246835 0.3744623795 -0.6230437992 -0.2073107687 -0.1499672161 -0.2049273178 0.0267942526 0.0616591683 0.0050473037 -0.2332911371 0.1302287521 -0.2652025156 -0.1742618694 0.0917967148 -0.0630754682 -0.0691131740 0.0861425183 
228.mat 63.6715192040 0.7370402713 -0.0681163059 0.4654935372 -0.8791109073 0.9814436726 -0.7161762620 0.3850371548 -0.0732764489 -0.7265951522 0.2626822407 -0.4965337762 0.1097945105 -0.3577025928 -0.0164384264 0.1413765387 -0.2437354041 -0.0690302487 -0.3582706225 -0.1360538864 
2284.mat 62.1005018138 1.4859075605 1.8354008190 0.9969847312 -1.0682700780 0.0768921005 -0.3666992114 -0.5829186948 0.5511982394 -0.1487839005 0.1203876124 -0.2816115257 0.7029961687 -0.1323908632 0.2312184695 0.0427741230 -0.0883655721 -0.0019839827 -0.4294909661 -0.3108677106 
2285.mat 53.4026992078 6.7242538177 1.0437292719 1.7565660368 0.3700034546 0.4653286609 0.5407528410 0.1279595330 0.7211488743 0.3831808349 0.5810375686 1.0213193562 0.1872510610 -0.2377631230 -0.6681441887 -0.6808325723 -0.2648459061 -0.3478966543 -0.3042697567 -0.1962386809 
229.mat 63.3363630980 1.1432662300 0.6984615522 0.2351382867 -0.6535132855 1.1451221571 -1.1093622797 -0.2325601803 0.4043538822 -0.5354361612 0.6415460261 -0.2992375108 0.2075422859 -0.0094415186 0.0684458408 -0.2926880946 -0.9931452917 -0.7281408469 -0.6464469005 0.0586784486 
2290.mat 58.6696082078 2.3171044177 1.8272290875 1.2233540172 -0.3739012612 -0.6614461057 -0.3851042252 -0.4246178479 0.4782752915 0.4210412784 0.0785664805 -0.0075898822 0.1980908952 -0.1973439033 -0.2059280173 -0.7332346883 -0.3544653493 -0.4744266633 -0.1252382183 -0.1084140457 
2309.mat 71.4599194996 -3.0438719343 -1.2907941374 -0.3368357674 -0.7041667429 0.1607811715 -0.2476453118 0.0028661689 0.2317835148 -0.0957871136 -0.1855694562 -0.4449348354 -0.1145512939 -0.0681807803 0.4743240108 0.0453752095 -0.2267754663 -0.0779935393 -0.1124734339 0.3749891563 
2350.mat 75.0845860233 -3.7526093424 -1.9977926072 0.1794386025 -1.0954707607 -0.3271635942 -0.7371698304 -0.1889102875 0.0070580736 0.2302555623 0.4531695273 -0.1919327406 0.0637817162 0.0629514700 -0.1956367371 0.1906431302 -0.1551767093 -0.1202045488 -0.2455647765 -0.5256416831 
2377.mat 80.4620376123 -3.6509333809 -2.1380132784 0.8854288749 -0.1644423097 -0.9449549995 0.0934442269 -0.0487458254 -0.2520832905 0.6169870332 0.6351417552 0.3821715421 0.6857527586 0.7469270693 -0.2897625764 0.3668375563 0.0653234870 -0.2420721540 -0.3844777647 0.1114324367 
2379.mat 73.5395142485 -3.6399937275 -1.9170843328 0.4879962335 -0.7488553343 -0.1472645510 0.5862623657 0.6842081450 0.0185308722 0.5622138625 0.4539932076 0.3422265106 0.5530794558 0.2386031816 -0.3570679677 0.2662942875 -0.3936796904 -0.7120005597 -0.2286761380 0.4229756002 
2416.mat 73.4289154453 -0.2001536916 1.3836460419 1.3393804266 -0.6725668627 -0.0100559073 -0.3844252899 0.5641494755 -0.2154964455 -0.2682666427 0.0126580302 0.0411543085 -0.0495218944 -0.1761843475 0.2736513289 -0.2182796527 -0.0285950906 -0.2959652538 0.0899014650 0.1370457107 
2471.mat 67.0094060494 1.2626047290 -0.5363965476 0.2635869047 -0.5566390167 -0.6906513032 -0.2026680197 -0.4185232863 -0.0207262093 -0.3595265607 -0.0376535088 -0.3811239214 -0.1771111438 -0.3125693910 -0.5497169308 -0.2648744755 -0.3522812037 0.1262868737 -0.0596893093 0.0190466185 
2569.mat 75.9241516126 -3.9381347776 -1.2252146857 1.7913544512 -1.6039198036 -0.0589191011 -0.3623907701 0.1234540617 -0.0697435370 -0.2771634900 0.1679198095 0.1296871485 -0.0792046436 0.3472974260 -0.0451526946 0.2990578499 0.3100973335 0.1697757561 -0.0536345338 0.0216915293 
257.mat 68.8566272986 1.4823552052 0.3277878847 0.7364490873 -1.0669906533 0.0061710528 -0.8864997171 0.2007278603 -0.1321379798 -0.4081459025 -0.1953015663 -0.0388162587 -0.1214938925 0.0059702124 -0.2503566810 -0.7757680029 -0.0849302016 -0.5419269776 -0.1307521757 -0.4098292354 
2637.mat 61.2988994824 4.3923010301 -3.2915353310 2.6970324922 -0.9085862941 0.1881250585 -0.0136723531 -0.4167805822 0.6438926182 -1.1479684949 0.2021196627 -0.6296321226 -0.0016303385 0.0414315537 -0.2981085187 -0.0390831528 -0.3621300353 -0.1455689704 0.2324683560 -0.1151753338 
264.mat 77.6281547746 -4.4434049530 -3.2839072189 -0.2099200824 -0.9145769639 -0.2014671465 -0.3789207623 0.2185578581 0.2366741933 -0.1492422785 -0.5821388468 -0.4104826423 -0.4957362007 -0.0565649663 -0.4519642844 -0.3451410166 0.6456760970 0.4268225561 -0.2564112845 -0.1326849545 
2650.mat 63.3352632249 3.7335971566 -1.9379682744 3.1062145077 -0.9632246371 -0.1521443108 -0.6800755899 -0.2930169329 0.7511948577 -0.7094148276 0.4513952829 -0.9045837640 0.2934698653 0.3936448048 -0.2645780911 0.1784320878 -0.4199778896 0.1443774084 0.7252373238 0.1162831952 
2655.mat 66.5665110143 -0.3650596163 -0.7073029090 0.2354667236 -0.0753168036 -0.6665243557 -0.2405308386 -0.4807806344 0.3781263769 -0.5196211974 -0.0140088202 -0.0103965820 0.0746284578 0.2294253143 -0.3235905683 0.0358075269 -0.3744074787 -0.1337070494 0.0677175660 0.1685172468 
2678.mat 56.8981207092 2.2962412294 -0.9724731988 -0.5202399415 -0.3329235324 0.0118748089 -0.1072838988 0.2446659941 0.3761702421 -0.2388550891 0.4734466563 -0.2930776955 -0.3805893393 -0.2630369238 -0.4562531501 0.0473290677 -0.1367263749 -0.1354649948 -0.1039847776 -0.0236802552 
2709.mat 75.8898904279 -3.8907018534 0.5573974148 -0.3364771462 -1.1519017842 -0.0432360866 -0.0851219798 0.2718282644 0.0554261793 0.5738653496 -0.1309449399 0.2125439097 -0.0403006133 0.0778134356 -0.1733115452 -0.0716295313 -0.3441541232 -0.1768578376 -0.3660867733 -0.4341918233 
2811.mat 80.1784371680 -3.9786416742 -2.5414332520 1.2733311864 -0.2674867787 -0.1290985015 -0.7987307174 0.0997668432 -0.3323403910 0.3722955331 0.9315355321 0.2789925558 0.2320998209 0.2495160094 -0.3415405077 0.0156131588 0.3410144510 0.2054721549 0.0996866087 0.0355924982 
287.mat 75.5331693136 -1.0060776458 -0.8045297924 0.9791585925 -1.0877999623 -0.6226110087 -0.3907461970 0.6284382773 0.4274452545 -0.4030780828 -0.1655884000 -0.4757013524 -0.1658652667 -0.4005888157 -0.0965627445 -0.2277227032 0.8009553372 0.1210703689 -0.0937120420 -0.1236453967 
2884.mat 64.2712229243 2.0314881659 -1.2766363724 2.0034594077 0.0454567093 0.0169624840 0.0735151744 -0.0665452727 0.6799671378 -0.3014774169 0.0340489041 -0.2643708994 0.0515754615 0.3778483108 -0.0363606030 0.0599096237 0.1120543320 -0.2107360893 0.0757659955 0.2407645699 
2896.mat 65.8456078997 -1.7834080799 1.8028263289 2.3006859092 1.0751082352 0.5746853483 0.2702834635 0.7005060253 0.3595047749 0.5487611388 0.2424706359 -0.3316601604 -0.2796652737 0.3408951897 -0.2890386029 -0.4981973754 -0.3404207585 0.3711538230 0.1466576789 -0.3248091669 
293.mat 72.1135525542 -3.0542425770 -0.1668905309 -0.3964726773 -0.8498137194 0.2276385569 -0.0310571416 -0.1911698273 -0.0805443440 -0.3627459226 0.0971676976 -0.2414636391 -0.3420725822 -0.6272496460 -0.7594339275 -0.2832598442 -0.5058686625 -0.1623323207 -0.3257917397 -0.1773896315 
2950.mat 62.1161063446 2.0609861483 0.1025912786 -1.0120002732 -0.5969275300 0.1385457795 -0.2246563531 -0.3277741818 0.0132255782 0.1323276808 0.0706169589 0.0216402960 0.0893512365 0.2969770594 -0.0362208190 0.4356197703 0.1020905725 -0.0880577284 -0.1402755365 -0.4271672550 
2996.mat 57.0099853514 1.1794302050 -1.2520744617 1.5738795887 -1.6899171842 0.7479835799 -0.9168223273 0.0271376166 0.4504378437 -0.4537738097 0.0907847381 -0.5320769068 0.0745008430 -0.7442272414 0.0232343209 0.0541017061 0.0292323342 -0.1066484859 -0.6015127195 0.0267605846 
3006.mat 74.3188202097 -1.3184557045 -2.3085707232 -0.0028006622 -1.2718844042 -0.8269308278 -0.9595987793 -0.8725807603 -0.3447487707 -0.5114169643 -0.4663230774 -0.5380269833 -0.4484590273 -0.2742824219 -0.4649476737 -0.1148975282 -0.3108533432 -0.2152773786 0.0666267043 -0.0386979875 
302.mat 74.5121237377 -3.2584442889 -0.4236030328 0.2050827776 -0.7093090010 0.6342069018 -0.0769583747 0.0126370634 -0.4628952781 -0.5251750593 -0.0248062378 -0.4266867939 -0.1442574638 0.1856031650 -0.1140994165 -0.4347548510 -0.4382872760 0.2429762272 0.2217356316 0.0788038605 
312.mat 76.1198224509 -2.8717789513 -1.4950037787 -0.9636337303 -0.1306372158 -0.5745476881 -0.8052501518 -0.1596766503 0.2983380670 -0.2480912779 -0.2013199248 -0.2920283964 -0.0241963532 0.0084365281 0.0219296877 0.2596237576 -0.0498579479 -0.1021157447 -0.2577338333 0.0480392593 
3122.mat 70.6238006421 -4.5029335593 -1.2337291247 -0.9308742867 -0.1851777080 0.0536803817 -1.3940264977 0.8836809151 -0.7078439516 -0.7687496332 0.1140343932 -0.1611109046 -0.0038044711 0.4854360304 0.3705837990 0.5506513671 -0.0482608825 0.0506608006 0.3048172699 0.1875934086 
3148.mat 69.8756869547 0.8864220729 -1.0315761905 1.1407478916 -0.9915105453 -0.4113518944 0.5143659480 -0.3230514891 0.2877133535 -0.7329051328 0.0692026212 -0.4134797762 -0.6838116101 -0.0461735951 -0.4379954459 0.4281764970 0.3134543755 -0.3387740392 -0.0127839334 -0.0771066496 
3151.mat 71.3902756105 -1.0836948631 -1.4802688685 2.0707980079 -0.5725858677 -0.2958167169 0.1803713065 -0.4776067449 0.0455044826 -0.3751651956 0.1480319725 -0.1462067320 -0.2191144539 -0.1664027897 -0.2657056158 0.4172649442 0.3110420553 0.1401231586 0.3317864434 -0.0041120907 
3183.mat 65.9373491161 0.0292904968 -0.3291732422 1.2279303865 -0.2363415115 0.5306971102 -0.4953412887 0.4630297653 0.4384996237 -0.2666524843 -0.5256579541 -0.1490893388 0.0113490189 -0.1314197669 -0.3662632852 -0.1204317237 0.0168350877 -0.7411882421 -0.2756233114 -0.0668773106 
3218.mat 63.5173055530 -1.2615571450 0.0354942460 -0.0509984224 -0.3864875607 -0.3844198481 -0.1167914202 -0.0087498734 0.5407318612 -0.1497970260 -0.1707208320 -0.4750534062 0.1325153749 0.0357141817 0.0090888296 -0.2949326159 0.1949316201 -0.4592638320 -0.1019819494 0.2738607415 
3219.mat 62.4970487013 -5.0238567369 -1.0081377086 0.5159033156 -0.2659266668 -0.4192269111 -0.1984154230 0.2850089611 -0.0377785221 -0.1912848057 -0.2428064511 -0.2371279923 0.0559367203 -0.2692191146 -0.2253188328 -0.5315142532 -0.2998903441 -0.3652527862 -0.4539202024 0.0542810045 
3233.mat 62.2019219835 0.4336972238 4.1109116224 -0.6915291407 -0.0571833283 -0.3978820540 -0.2424467507 0.1302882227 0.1287292255 -0.3413125033 -0.3595557998 0.2408350209 -0.1837959779 0.1847741766 0.2837943573 0.2280403808 0.4574355386 0.0287072283 -0.5165377171 -0.2946107388 
3304.mat 67.0006774379 1.7386278699 -2.1760570270 0.6886428974 -0.7163078400 0.1855305822 -0.1097720424 -0.5429001913 -0.1190654309 -0.0090060439 -0.4420934424 -0.0569518736 0.3523409038 -0.1923999932 0.1099312305 -0.1089581260 -0.1088007374 0.3701006666 0.0736766546 -0.2826893627 
3308.mat 73.9690740225 0.3052841511 -2.6830421084 0.6241295099 -0.9678744449 -0.4386806449 -1.0285414027 0.0060864081 -0.0789841703 -0.4591987306 -0.5315206381 -0.4695993715 0.2292190346 0.2854201807 0.2397615267 0.3855665045 -0.2620584943 -0.1298337704 -0.0205085495 0.0339252268 
331.mat 81.0709561059 -3.1351611636 -2.9798393309 -0.4711822650 0.0594065916 -1.0204090525 0.1995940359 0.0341504469 -0.0438508412 -0.4854707674 0.1438335387 0.0706738423 -0.1201403073 -0.2145259974 0.0624637869 -0.2898864076 -0.3471415971 -0.0934795963 -0.1726562608 0.0256228593 
3355.mat 69.9992765415 -4.2900794642 -1.1657060787 -0.8517683985 -1.1669014431 -0.2942416311 -0.5453121029 -0.2437326644 -0.1563940725 0.0572885310 -0.2536537554 0.1175096252 -0.3955933988 -0.3728170120 -0.2466083618 0.1049854981 0.1922094505 -0.1039703865 -0.0411840901 0.1866233243 
3380.mat 64.5444949965 -0.4914401613 0.9366859775 0.8231420604 0.6637431066 -0.3079967214 0.1880452132 -0.6492558524 0.3172191739 0.0770599593 -0.0230805792 -0.1928621489 0.1616573188 0.3674701899 0.2497497616 0.5900858247 0.1615269338 0.2830792438 0.1490096777 -0.0082004818 
3395.mat 64.2902620909 -1.1766412166 -1.3317326390 0.6726564438 0.1482272743 -0.5566821443 0.4550973362 -0.5963817944 -0.1994486670 0.0734171432 0.2209213239 0.1530615551 0.1223860099 0.4478014933 0.0706733436 0.1187618497 0.3354859575 -0.0690445605 0.2339369382 0.2575665504 
3447.mat 71.1695148977 2.1664428662 -1.9289420854 1.4166310635 -0.4862025261 -0.2955001379 0.1772883835 -0.8726291863 0.2629125893 -0.6934949793 -0.1931349093 0.2908822323 -0.5660446191 0.3322687699 -0.1207809426 -0.1277160922 0.3379585230 -0.6156459497 0.2160521427 0.3071188435 
352.mat 68.6142605854 -7.3748214459 0.8358505418 2.5898516730 -0.0033164035 -0.2219667773 -0.3248702635 -0.3508527363 0.5660191852 -0.0269167655 0.2052307516 0.8656440616 0.8016203902 -0.0706299222 -0.2085416442 0.3029559604 -0.1945123178 0.1162888991 0.1814083494 0.1675542202 
3533.mat 70.8347792522 -2.4167170765 -0.2313508170 0.4494237470 -1.2961499172 -0.1485366985 0.0834675223 0.3331064739 0.4933378072 -0.0889366125 -0.0560265584 -0.3218373308 -0.2440008763 -0.4686986226 -0.3257622844 0.2401079502 -0.2220671320 -0.3694967789 -0.1956310240 -0.1298645428 
3557.mat 75.0550065223 -1.7584541975 -3.4041551947 1.7803712976 -0.4636801492 0.3009576031 -0.5139926646 0.1596020070 -0.0796122559 0.5118367380 0.1762135545 0.0531830269 0.1627487879 0.0304314181 -0.0735578125 0.0796683444 -0.0336806043 0.0300924075 0.1551294171 0.0485055652 
3562.mat 67.5617929071 1.2233499652 -1.5367815881 1.5070477312 -1.7610747713 0.2436773726 -0.5009976923 0.0930603575 -0.4800873627 0.2194752281 -0.5769359004 0.0981689618 -0.0658212652 0.1892600817 0.1179316481 0.4092578134 -0.0118495757 -0.1974453308 -0.1739436481 -0.2516117668 
3614.mat 74.4416751830 -1.9508855118 0.1316923203 -0.2402977687 -0.6059698676 -0.0973543028 -0.0433482015 0.1621096383 0.5285600365 -0.0518339589 0.4107658186 -0.2443740490 -0.2201928462 -0.8894218760 -0.4422726084 -0.3423193163 0.0637034883 -0.1862511798 -0.3522411469 -0.1394175979 
3618.mat 74.5806921756 0.1955523615 -2.3466976632 0.3958843288 -0.1527377222 -0.7294849816 0.1626869982 -0.5258265219 0.2561428609 -0.5258122760 -0.1702115416 -0.3453637714 0.3577775728 -0.1765791820 -0.1176954166 0.3702882401 -0.1535965099 -0.4972123337 -0.0469378753 -0.0611935587 
3626.mat 69.8671333316 -2.6483670210 -2.6821815515 -0.0052400328 -0.7813766782 -0.5120523311 -0.4381977034 -0.0447806710 0.0849926212 0.2459250268 0.1634883263 -0.3247098122 -0.1694996701 0.4533816280 -0.3729895979 -0.1666830284 -0.2642804360 -0.6925291321 -0.0984068388 0.0200684011 
3644.mat 78.8532807573 -1.2162543227 -0.8388347610 1.4744957043 -0.4653216464 -0.0863472707 -0.6963782809 0.1900127256 -0.0592171194 -0.2030660761 0.2909249198 -0.3066653769 0.4014871591 0.2609119897 -0.0919853954 0.1858672048 0.3977245804 -0.4829264359 -0.0278796333 0.3149699527 
3652.mat 81.9242373836 -2.9326441011 -1.3483256017 1.0129067375 -0.7314509937 0.2102285350 -0.4662068012 0.5850606829 -0.5306027875 0.0726371446 0.3198767915 -0.1173157789 0.3295032592 0.2860227982 -0.1522395717 0.2490514096 0.4718090324 -0.1255342902 0.0718717095 0.3645749945 
3692.mat 80.2362648260 -0.9224371173 -2.6863671978 0.6514620449 -1.3958694839 -0.2432517042 -0.2433106054 0.3783850543 0.3841187476 -0.3327623841 0.0943022642 -0.0313556785 0.2801968811 0.1964605235 -0.3946052637 0.1366024645 0.3619842411 -0.0390379108 -0.2002615031 0.1877775445 
3712.mat 69.4702506785 -2.1659918436 -0.5255640538 1.1545500131 -0.1170534232 -0.4020420414 -0.2191356429 -0.0582989349 0.1745111530 0.4769876275 -0.6435198381 -0.2551179067 -0.1731638258 0.0305399978 0.1231403815 0.1679729159 -0.3248725603 -0.0657794128 0.1349343316 0.0334888907 
3716.mat 70.3852752192 -4.5787386308 0.5836001142 0.8542211637 -0.4806635632 -0.0892712741 -0.2912840029 -0.5425289906 -0.3235366999 -0.8078370718 0.0345360721 -0.8262759080 -0.5104308262 -0.3281219308 -0.1015146196 0.5625365172 0.2060901250 -0.1015018353 -0.1964119085 0.3570360223 
3717.mat 72.2947269244 -2.1181201330 -2.0965944659 0.6560794650 -0.1305749755 -0.5100594565 0.3538330258 -0.1355574082 -0.1364303333 -0.4033920827 0.3909165130 -0.5925535365 -0.5227431654 0.5564704186 0.5080754520 1.1351495363 0.1218164921 -0.5837862052 0.1813004872 0.4097782842 
3752.mat 64.3607173817 -3.5177232938 0.5522271807 1.7883757938 0.3004493976 0.0643911244 0.1928583591 -0.1430006917 -0.2688162533 -0.0504288203 0.6743551705 0.1065842887 -0.0833462036 0.2689688443 -0.9302895088 0.3807550150 0.1783098655 -0.4601608996 -0.7447233720 -1.3414481376 
3764.mat 46.2730441256 0.3751260243 0.3634768579 1.3530365883 0.5787005474 0.4144434086 0.1137859206 -0.2124792823 0.5759069484 0.0254301609 0.1638145637 -0.2429931528 -0.3272267469 -0.7642971170 -0.5023789822 -0.2304682107 -0.4747303753 0.0130533713 0.1106073790 -0.2843567620 
378.mat 42.5712082849 6.0757007856 0.6416613078 1.9295526387 0.5284569579 0.7400997760 0.9322667875 -0.0193675708 -1.3242031413 -0.5157947038 0.5720429207 0.0998391346 -0.1153507373 -0.5692668282 -0.5704750587 -0.6485674915 -0.0263290951 0.6706999957 0.1262427828 -0.5360699936 
3814.mat 81.3811554701 -2.3593653271 -0.7594043923 0.7096891262 -0.8128962550 -0.0311466846 0.0922245817 -0.0746835221 0.0016377420 -0.0440583318 0.2055390990 -0.1840292473 -0.1228585318 0.1818519286 -0.3824388863 -0.1394156014 -0.1213599006 -0.0887207815 0.1202871951 0.3408499532 
3823.mat 77.5118035934 -4.6350408195 -3.6026179619 -1.0965570580 0.2733631639 0.0310717683 -0.4653125668 -0.6824215491 -0.0934360394 -0.3568307270 0.3422414929 0.3104449792 -0.0832978462 0.2002609815 -0.3638078971 -0.5416796382 -0.6299938460 -0.2234804280 -0.5851378380 0.2181943575 
3922.mat 74.2114047183 -1.2697447153 -0.3671465669 1.9973740283 -0.6339423961 -0.3133305502 -0.6307952002 -0.1816150309 0.1141701233 0.2874111824 -0.1087676116 0.0709388682 -0.1731726654 -0.3330771643 -0.1698003529 -0.1984619757 -0.1534568137 0.0327540117 0.1847761714 0.1047918611 
3949.mat 83.6576360172 -3.0697428423 -2.9982198521 0.9253824375 -0.6525990370 -0.5527203091 -0.1260477951 -0.0423180068 0.0793458319 0.1083758244 -0.1045792483 0.1642375411 0.1804765312 0.1200535327 0.0923661151 -0.1533533323 -0.3290637975 -0.0936171631 -0.0374264975 0.0038504606 
398.mat 77.6826616136 -2.6633958508 1.5833843448 -0.5968430833 0.7489307270 -0.3605441683 -0.2093479999 -0.4375036061 0.5612777357 -0.2402403149 -0.3626534231 0.0465359244 0.3880879633 0.1075162754 -0.0344091723 -0.4740789978 -0.1931925972 0.4036648559 0.2759576692 -0.2581394499 
3998.mat 75.2468456732 -4.9949936825 -0.6710442753 -0.7223705160 -0.9196025224 -0.0927591061 -0.5247026293 0.3514532401 0.3075594763 0.1867295004 0.1168885768 0.0981901987 -0.1259785307 0.0383942344 -0.2083945142 0.0227557585 -0.1563735642 -0.0497883165 -0.0401951542 0.0448129380 
4022.mat 67.7805088109 1.1236797536 0.1086248114 1.8761840931 -0.0328484354 -0.3208891659 0.1625061798 0.0180750828 -0.5696760237 -0.4167498982 -0.0501299059 -0.4844627933 0.1836896425 0.1562082192 0.0604504645 0.3987662730 0.4008790757 -0.1582579226 -0.1937686579 -0.0471257259 
4068.mat 63.6301676162 -0.1500814428 -0.6596548516 1.3997035999 0.1935793895 0.5011638705 0.1479892477 0.0488142893 -0.1289851672 0.2375421354 0.4270726528 -0.3317731499 0.6067540856 0.0803855875 -0.2446571617 0.2861800894 -0.0345369395 0.1319776065 0.4141230938 -0.3616590623 
4115.mat 67.0409196821 -4.1160770002 0.6756665499 0.7990472350 0.4608763073 -0.2423196910 -0.2028064418 -0.1368021558 0.1334762616 0.4882444515 0.5448982958 0.2283489522 0.2565084765 0.0427507013 -0.1637239887 0.0364914489 0.0343322727 -0.1814796708 0.0708911879 -0.0164727975 
4323.mat 69.2962459195 -1.4900568477 -1.3989139542 1.7580146232 -0.2787498168 0.1305705083 0.1360603046 0.4521780919 0.2610076964 0.6842387530 -0.3489672430 -0.1691633684 -0.0489825740 -0.6015916000 -0.3145948524 -0.4099399933 -0.2181122009 0.4408114589 0.0657178525 -0.0085815314 
4343.mat 80.8604785105 -5.8872207887 -3.1552479378 0.7452368467 0.1285118288 0.6191264768 -0.1868161282 -0.3369536337 -0.0277290209 0.4984833713 0.6907105898 0.5426667860 -0.4427479593 0.2504084980 -0.4580073365 -0.4452088250 -0.0027485826 -0.3550702286 0.0436271527 0.0892736320 
4347.mat 76.9131005913 -3.3687705802 -0.8693426598 1.3795134834 -0.4406568228 -0.1446431490 -0.4364769189 -0.6079869885 -0.0041642289 0.2109358401 0.2800126459 0.2881894709 -0.1479972576 0.3734915501 -0.2315919888 0.0027576489 0.2578792070 -0.0550406098 -0.0708108677 0.0209854034 
4369.mat 79.6685414382 -3.6940627327 -2.0463709147 1.0580590000 -1.7591617067 -1.0533711927 -0.5960564663 -0.5731683399 -0.1555081411 0.3190830278 0.6137815366 -0.3172823251 0.1479909664 0.6675465982 -0.4492205008 0.2387585824 0.7213293419 0.1539625277 0.2051512799 0.2806143235 
4392.mat 68.3798479527 -1.5220875069 0.9841040255 0.2932481218 -0.1433910375 -1.1209950250 -0.2496682635 -0.6788311980 -0.7226381534 -0.4311070312 -0.1335821582 -0.5842891636 -0.4379531521 -0.2349364502 0.0768385125 0.2253306349 0.1697153677 -0.5931056438 -0.6604168764 -0.1651585603 
4472.mat 71.8369610015 -0.8212218216 -2.3904810030 1.3988808841 -1.4393207138 -0.3101703536 -0.4794925416 0.0074725203 -0.4347491528 -0.6038239304 -0.4898628941 -0.7271486244 0.0396352627 0.4004235875 0.1782644129 -0.0225802912 0.1800581115 -0.2407920901 0.1677765430 -0.0040860517 
4478.mat 72.2690833682 -1.9668153696 0.4216976090 -0.8693686370 -0.9660893949 0.2630152084 -0.7553578679 -0.1036466989 0.3864987274 0.5075166467 0.0082102538 0.2042632974 0.0727291866 -0.4258068798 -0.0442942105 -0.8989476911 -0.3168074984 0.1688014617 -0.2667877507 -0.1576554651 
4484.mat 67.0210232157 -1.0831681197 0.9346768418 0.2172441637 -0.4403282307 -0.0380220803 -0.2084875776 -0.5542900384 0.0244977493 -0.8817541991 0.2387230188 -0.0896160013 -0.0670555439 -0.1129789906 -0.9168334047 -0.4907240036 0.0345989649 0.0535937437 0.1124664124 -0.5632061793 
452.mat 70.8691218611 2.8223715380 -2.2845453442 1.6852998687 -0.5491090036 0.0448192361 -0.3085209380 -0.8967177339 -0.6365062475 -0.5586256126 0.2578652177 -0.0303048199 -0.0332639218 -0.0908948563 -0.2417133314 0.3267960811 0.0205232631 -0.2098496793 -0.4099776996 -0.2839602631 
455.mat 71.7788591015 2.1777018350 -2.0313933135 1.1255094545 -0.2643142554 0.2140559638 -0.2185622475 -0.8537144155 0.3298706810 0.4304415308 0.0744952579 -0.3243263734 0.1400969110 0.0019127996 0.0525950473 -0.1128044414 -0.4156895651 0.3631597507 -0.1676202640 -0.6326377955 
4563.mat 72.3075245360 -1.9203205278 -0.6750181056 -0.2217119173 0.4625885242 -0.1139883469 -0.4594603843 -0.2357699720 -0.3351607383 0.0888575963 -0.2323448978 0.1733087069 0.1766288051 -0.2819327175 -0.3063825590 0.0896825743 0.1039208603 -0.0480027067 -0.0859199332 -0.1916873477 
457.mat 65.4637895426 2.2057247828 -0.3075884845 1.8031895576 0.3905960170 0.2145366614 -0.1217737697 -0.2637252153 0.2321331323 -0.0866152513 -0.4970568042 -0.3415027528 -0.6046391401 0.1581809753 -0.3274499706 -0.4137647637 -0.8132253646 -0.0659192836 -0.1066274837 0.0878735883 
4779.mat 72.8060168384 1.5905286144 -1.1463840298 1.5718824031 -0.2140606555 -0.5421575361 -0.2076584550 -0.1978272033 0.5948319310 0.4602098271 0.2619890206 -0.2151389092 0.0835163332 -0.0450910441 -0.1454780662 -0.2108218070 0.2471441685 0.2878777102 0.0683052118 0.0821007698 
4805.mat 62.6048643023 0.9312849136 -0.5783737131 2.1092511209 -1.0508569084 0.7848961812 -0.8504252904 0.8018859890 -0.0157711335 -0.1568937967 -0.1083114083 -0.0049979873 0.1554917555 -0.4746503745 0.1172497365 -0.1030683407 -0.0769690807 -0.2283419929 -1.0680841819 -0.7749349108 
4809.mat 62.9905586113 3.2322403543 1.4502595541 1.9329917882 -0.7625211229 0.2761075362 -0.1502092478 0.5730970177 -0.3581750331 -0.1734319329 -0.2900318741 -0.0946315440 0.3265601012 -0.3210245058 0.2449798111 -0.3501890418 -0.4070815424 -0.1332190763 -0.7445852459 -0.3210006783 
481.mat 76.8209053870 -1.3866182918 -3.3964133230 0.4757290565 -1.4356721665 -0.0990902458 0.1025938297 0.5743837216 0.2618531776 0.5021912025 0.1247985403 0.3181582186 0.1805133734 -0.5104950457 -0.6447092478 0.0453170488 -0.2858483530 -0.1714534975 -0.1572937554 -0.3230771927 
4825.mat 81.4523235896 -3.9976950911 -1.8885642140 1.0276513681 -1.3093059606 0.0669032636 -0.3665261122 0.0721170231 -0.1459492083 0.4138934282 0.8166736425 0.1230118821 -0.2827925732 0.0904956296 -0.3066048050 0.0257158773 0.0289951421 0.0973756259 0.2838109549 0.3337382221 
4838.mat 82.5189698736 -7.0116547084 -1.2618287518 1.3801110466 -0.9197856632 -0.3714032947 -0.0873065322 0.6818599287 -0.0169533481 -0.1197148170 0.5088947798 1.1274996617 0.1433147471 0.5562988034 -0.0246324504 0.7217231030 0.0176013780 -0.4243341550 -0.3651092096 -0.0375243834 
4840.mat 81.1616846309 -7.0408778768 -0.2784622186 1.1616317523 -0.7040389627 -0.4558347846 -0.1159263354 0.7398366765 0.4688455680 0.3753889140 0.3831885298 1.1086944220 0.0247102943 0.3789718547 -0.3998426160 0.3590842794 -0.0983066461 -0.3525923058 0.0256149004 0.4052747803 
491.mat 77.9394468560 -3.2901233986 -2.3779446193 1.4352818847 -1.0353826118 0.8660000071 0.1127963767 0.0476752403 0.2538431090 0.5999311126 -0.3096210445 -0.5008501868 -0.0359181508 0.1404522997 -0.2496752228 0.3778846709 -0.3977684676 -0.3703865102 -0.3150442683 0.0312344355 
4964.mat 63.3229696481 2.8638908531 -2.5860639894 1.6294959658 1.0666180394 0.2244960024 0.0313581434 0.2733680691 0.7389653265 0.8473544770 0.2409429510 0.5366451051 -0.3420340291 -0.0270722218 -0.1346647162 -0.0182839661 -0.1874945700 -0.2211956450 -0.5085416544 -0.1460621370 
4997.mat 70.6604528697 -2.7954570431 -4.0411174672 -0.7720656572 -0.1579705361 -0.7470101467 0.0304715919 -0.0012079118 0.5019062465 0.5492425058 -0.0707480669 -0.2947497536 -0.0037417338 -0.1607649834 -0.3994606665 -0.0562284910 0.2943011249 0.0593567787 -0.2909971666 0.1099698973 
5004.mat 65.2079307275 -0.9293741714 -1.5489150875 0.2236299419 -0.1469928644 0.4841713391 0.0440130105 0.2446579739 -0.0890884972 0.2251001294 0.2976972314 -0.1657764016 -0.0489516097 0.3261368357 -0.3189455318 0.1340666856 -0.0246199678 -0.2991390594 -0.3463225653 -0.5035170510 
5014.mat 69.7990751175 -1.4374933444 -2.1576547937 0.4565008807 -0.0783910841 0.2996592211 -0.3632276104 -0.0141772326 0.2192731252 0.6311921625 0.5767948979 -0.2732248588 0.3324189345 0.1592150612 -0.5275804491 -0.1253398860 0.1425660091 0.0051755182 -0.0036772475 -0.2364015487 
502.mat 66.8816622000 -3.3269388824 -4.1070460097 0.3409867218 -1.5604672165 -0.1512134491 -0.6886027665 -0.1810565351 0.1219628037 0.1742401930 -0.0983747252 -0.4393987104 0.1079711177 0.0219296314 0.2335468219 -0.0602382114 -0.0521947873 0.4426501361 -0.3077703922 -0.2112076772 
5024.mat 60.4856422274 -0.2067013667 0.9781710429 1.5857586340 1.9134467765 0.0060508060 0.7743254860 0.1886469643 0.4398598401 0.1650223788 0.2270935165 -0.1419032187 -0.4513347533 0.1262574854 -0.3853097784 -0.1083693671 -0.3269404020 -0.1324563181 -0.0527950122 -0.0047776508 
5037.mat 51.0307384663 4.1829423986 -0.5752653393 2.3157843736 0.4953889703 0.9055258948 2.0804602725 -0.9302367289 -0.5239776100 -0.1587837857 -1.3945470136 0.2622113683 -0.4307496015 -0.0166184883 0.1644974467 -0.0580685395 0.1740518698 0.2814791344 0.0959772589 0.0559688243 
51.mat 69.1012450326 -3.6859919278 0.2100096151 2.2359587861 0.3456632433 0.0804836544 0.2328777029 0.7670169586 0.1819064358 0.2073904309 0.2099147772 -0.2598810355 0.0975465490 0.1567840615 -0.2128099965 0.3632918268 0.3684586956 0.1583500927 -0.1757281407 -0.1396284789 
5191.mat 50.4903874521 -0.3126428108 -2.0607894486 1.5900693805 -2.0159405546 0.0195459176 -0.5254973303 -0.3109626972 0.0562247649 -0.4300838312 0.1264639607 -0.0457148103 0.1103605020 0.0961517491 -0.3659723280 0.1150795911 0.0269873223 0.1018809476 0.1669078964 -0.0824439833 
5232.mat 59.2922154364 -2.0759635229 -0.7405279423 1.7287925346 0.0818107089 0.4396394616 -0.3162000807 -0.1166930267 0.2421237740 -0.3296947095 0.1120878411 -0.7641554550 0.1466212879 -0.1009761704 -0.2293993449 -0.0269787517 -0.1658093944 -0.0397969107 0.0591326104 -0.2008253362 
5242.mat 41.9774172966 2.6467437164 1.8362040762 2.4666862278 -0.0023777041 0.0152120573 0.0472941864 -0.5363665309 0.3421118650 -0.0015782515 0.2375791840 -0.0714607715 0.3512783008 -0.7204846913 -1.0543929441 -0.3162615130 -0.0537994583 0.0181818453 0.0414801722 -0.4671381358 
5243.mat 76.7188393100 -2.2995680117 -2.7101836239 0.2555151397 -1.6335355218 -0.5773503139 -0.0071573947 -0.1286993042 0.4004635672 0.3904920770 -0.0880131304 0.0775449352 -0.1569968701 -0.1409701869 -0.3525144291 -0.6012557387 0.0412440971 -0.1268367062 -0.2742577842 -0.0894369581 
530.mat 71.1528684315 -5.1692026960 -2.2312704656 0.2992506266 -0.9238072277 -0.2533007869 -0.3365501887 -0.1922327693 -0.3340307295 0.2183141686 0.2326121558 0.1538949020 -0.1457975711 0.0173332099 -0.0387114615 0.1236759629 0.0048744385 -0.3960735297 -0.2106682090 -0.2785185363 
5345.mat 67.7468773037 4.0943268734 0.0829781436 0.8908896651 -0.9833455450 -0.9453049977 -1.4091284764 -0.6837532177 -0.1326971836 -0.1791801161 0.4673496700 -0.6896088207 -0.0253106734 0.4374963067 0.5522377963 0.6626328917 0.0510107726 0.0609492421 0.4809733723 -0.1713397066 
5370.mat 76.7403050844 -5.7025528021 0.3518311686 2.1734909461 -0.8044068839 0.0027299044 0.1312504034 0.0291770816 -0.3312911759 0.5584322432 -0.1810113499 -0.1905483443 -0.2434413181 0.2849049137 -0.1556927605 0.2593602718 0.2795935652 0.1442453817 0.0832832191 -0.4498785843 
5418.mat 83.0889824822 -3.0352782944 -2.8563943386 1.2920398572 -2.2277679815 0.4479278605 0.0092361418 -0.0285488146 0.0909162154 0.4922361971 0.7245132665 0.0364926113 0.2142379883 0.2190458868 -0.6296581826 -0.3164155389 0.2506148467 0.0003927977 -0.0070628351 0.1565338855 
5436.mat 70.9369541662 -6.1948260529 0.2637067722 1.9410822085 -0.8498807947 -0.4888472370 0.9587189007 -0.1685389268 -0.3457681723 0.6017352521 -0.2466466049 0.0508524113 0.1214308796 0.7149299976 -0.3183207926 -0.0956491224 -0.4141613080 -0.8689669956 -0.3330614545 0.4288084502 
5444.mat 62.3746418382 -2.0165067466 -2.9170751587 0.7891824392 -0.8379013001 -0.1278480847 -0.5984073730 0.1153739587 -0.1990972665 0.7280617523 0.7125145949 -0.3141526084 0.2306845081 0.4238120299 -0.0073501385 0.3569051882 0.0945866727 -0.2016902492 -0.0071946123 0.0984770293 
55.mat 80.7175690223 -2.9133438083 0.2922585940 1.2382535040 -0.8382732262 0.2411664214 0.3187521262 0.3049465540 -0.4491186978 -0.1753880627 0.8802858173 0.6705230561 0.1549943287 0.2201588291 -0.7015024786 -0.1764577321 0.1807790487 -0.0501608797 -0.1125414174 0.2675788827 
553.mat 71.0993764701 -3.0545862954 -0.9889218241 0.2539414422 0.1622804371 0.0199967382 -0.5097945462 0.7281712687 0.4384123549 -0.5849552669 0.2851894783 0.4895020703 0.0271082922 0.0281368050 -0.0075017473 0.1658583076 0.1802981348 0.1919064954 0.0797659049 -0.0179581921 
5531.mat 62.1862392708 0.7464514548 -1.1368519879 1.4898914101 0.4242344230 -0.6682610659 -0.0436600753 -0.4419068149 -0.0548780737 0.1698328588 -0.1414646460 0.0866860116 0.8457301173 0.1432229884 -0.2457739753 -0.3020378713 -0.1840964679 0.2791809590 0.4803824012 -0.0542428530 
5545.mat 72.9189659831 -4.1355628911 -2.7392015797 0.6751430029 -0.5948012267 0.0582330422 0.1630162433 -0.2043709419 -0.4473881898 -0.2388235099 -0.6761559458 -0.1552574482 -0.4026060539 0.1209153370 0.0459378200 0.3797826304 0.3350437801 -0.0136647007 0.0254155810 -0.0474587579 
555.mat 80.8046792077 -3.8930486854 0.0127869623 0.1836209057 0.1542005322 0.0100126172 -0.2329699590 0.1972208729 0.0900970397 -0.1918607762 -0.0883039461 0.1685491375 -0.2447565757 0.4462927250 0.0971248510 -0.1468300327 0.2256146651 0.3267804849 0.2557597148 0.1663259366 
5557.mat 66.4244422204 -2.9015369802 0.0848051706 -1.1835856778 0.0526252384 -0.1850340739 -0.3117694265 -0.3639150575 -0.0180633382 -0.7639245874 -0.5018694582 -0.2511558311 -0.2847132290 -0.0985259638 0.0451231422 -0.0492791412 0.1507903591 -0.0509934085 -0.1647619675 -0.1290293104 
558.mat 63.7986423662 4.8777329966 -3.5074486590 0.4748814611 0.4514567329 0.8280962686 -0.2901199112 -0.7737540639 -0.3351147911 0.3553201333 0.4724275419 0.1047014426 0.0343612986 -0.1216745688 -0.3923122773 -0.3232384744 0.0591578421 0.0230306823 -0.4823963970 -0.2301437073 
5611.mat 60.8902312556 -9.7342535902 -1.0021550845 0.5497699182 0.1755045287 -0.3473423131 0.3678722895 -0.0019810243 0.0387999141 0.4972414115 -0.0205406622 0.4786646772 0.0177966020 0.4618752813 -0.1002754223 -0.1066681584 -0.0307838634 -0.7353388210 -0.7612658995 -0.5919516256 
5630.mat 50.7151749626 7.4079894435 1.6542788643 0.9457708633 -0.0126433394 0.4936739839 0.1503028433 1.3392829043 0.9272215902 0.1100135878 0.2150811551 -0.2680433201 -0.1545407744 -0.3084795194 -0.2224629356 -0.3375587114 -0.6147334700 -0.2409961701 -0.1978276694 -0.7723823887 
5656.mat 54.6193887488 -2.5682249514 2.0956281891 1.3990642339 1.0888041654 0.6213401422 0.4349382067 0.5894117740 0.8598505757 0.5808594056 1.0508166642 0.6830626474 0.4535985618 0.2438927517 0.0020133346 -0.8484730075 -0.3908121688 -0.3465462872 0.0001276713 -0.4598699120 
57.mat 78.4453650238 -1.1182764163 -0.9925844309 0.8659436783 -0.1745435817 -0.0426500389 -0.2265187695 -0.3559647240 0.1628307199 0.2173605662 0.7561405555 -0.1059761040 -0.3057247528 0.0781560183 -0.6624843945 0.4099238939 0.4304500684 -0.3418952794 -0.1098464381 -0.0738617083 
5708.mat 72.4066669163 -2.2326451315 1.9992770844 0.5922722347 0.2688400447 -0.4431857701 -0.1200616119 -0.1274408015 -0.2878119564 0.2142774070 -0.3574213596 0.0096519523 -0.0426370009 -0.3694047147 0.0187079372 -0.2063162467 -0.0741900520 0.3620368182 0.1515836459 0.0380088111 
5738.mat 71.4259450268 -4.8684364319 -2.8744928105 1.5775828148 -2.1806385782 0.7672573093 -0.2705079899 0.3162048360 -0.0566935800 0.2876618098 0.1995065666 0.1433957520 -0.0524946200 0.2744848366 -0.5150212836 -0.1610691979 0.3336733678 0.1021323574 0.3132926059 -0.0084171761 
5797.mat 67.5890746658 0.0886869350 -1.7659255272 4.1782461353 -0.6629966858 -0.4844645593 0.7720203990 -0.1220046649 0.5368431626 0.8410110017 -0.2047391336 -0.1822658409 -0.3318939454 0.0067907103 -0.3370927231 -0.4613059626 0.5627144789 0.2867528578 0.0916066748 -0.3509347617 
5857.mat 65.2328090118 -1.3348631879 0.2353283328 -0.3219267647 -0.8575255232 -1.3538376481 -0.5550516402 -0.5909180722 -0.1153254905 -0.1569618222 -0.2065611053 0.1640872716 -0.0158367949 0.1850030658 0.0354005411 0.2451090895 -0.4011640378 -0.4513951423 -0.2177492739 -0.0411744120 
5949.mat 78.6612929874 -2.3549418426 -2.2817136454 0.4160586407 -0.7884323058 -1.1854083154 -0.1451995438 -0.1835625092 -0.0626225672 0.8091141511 -0.1599172683 0.0643396540 0.0977404822 -0.0179848256 -0.1939356708 -0.2339263319 0.1035593717 0.3569626907 0.3118593817 0.3409254290 
6.mat 67.0790410306 1.6374167334 1.9582540088 0.2850856908 0.5016630696 0.1335659728 -0.7905984617 -0.5573739115 -0.1060689705 -0.1074954080 -0.6640608239 -0.3549594582 -0.5369893010 0.1164972115 -0.6081925965 -0.2048118674 -0.0263557663 0.4471217479 0.3572107387 0.3717565800 
604.mat 72.7383199825 1.2306567439 -2.5817594755 1.1933036429 -1.0931527241 -0.2675776065 -0.1517001812 -0.3532235758 0.0433996860 0.2456711464 0.5852932669 0.2391481789 -0.2897565219 -0.1741454360 -0.4487538777 -0.2259536889 0.0116992358 -0.3671000866 -0.0272173457 -0.3713541647 
6043.mat 76.3914757954 -3.0040773974 -2.3460320925 1.4242699017 -1.5218086257 0.5475594167 -0.8221236249 0.0890510854 -0.3687090571 0.3616834880 0.4096854144 0.2400172306 -0.1120771936 0.3112544656 -0.1054433290 -0.5651646405 0.2049513258 -0.3417020412 0.1826454853 -0.0625289839 
6047.mat 80.3586878194 -4.4397168461 -2.9949439372 0.0036610500 -0.8729879360 -0.3266627543 -0.1990453634 -0.3177158435 -0.0693997131 0.5488988850 0.4727588813 -0.0960359030 -0.2341530792 -0.2264331621 -0.3396883477 -0.3848044520 -0.1965297766 -0.0273960674 0.2913224895 0.0965480196 
6090.mat 75.1909412341 -5.0642567228 -3.5063077860 0.2187228055 -0.6193521840 -0.5837721823 -0.4366943795 -0.5318437684 -0.2186869219 0.3988057405 -0.2841257109 0.0267182959 0.0683751061 -0.1362619973 -0.2098754210 0.0599118220 0.3174745341 0.0163611852 -0.0889981529 -0.1627523651 
6144.mat 75.7604642483 -3.6471492471 -3.9941341822 0.6040980971 -0.4344322945 -0.0026957820 0.3153372433 0.0784999927 -0.4361518256 0.2551693683 -0.0087309111 -0.1489280281 -0.2500449242 -0.2008776787 -0.3993526128 -0.0852667166 0.0142511016 0.0256939240 -0.0137864319 -0.1161479411 
6152.mat 61.1029579036 3.2008762883 0.3992508296 0.5046865272 -0.0466733794 -0.3362371332 0.1883407917 -0.1683802658 0.1740040974 -0.0061263603 -0.5714198690 -0.0789839712 -0.0435147364 -0.0569095692 -0.1681670233 0.0844337654 -0.3515560470 -0.1927911383 0.0920542915 -0.0466636465 
6154.mat 66.7231443516 0.0459640892 -0.1762032674 0.5128705190 0.1178207823 0.3148934333 0.2497917210 -0.2200397028 0.0987434831 -0.3244502851 -0.3332011305 0.4163845111 -0.4985681485 -0.2369063457 -0.4335007276 -0.2049086625 -0.1741931494 0.0341780820 0.0064194977 -0.3289441408 
6205.mat 70.0217106327 -2.2582150130 1.2658238007 0.3686743899 -0.3811137820 -0.3812532402 0.0664130516 -0.2452589430 0.6304672834 0.0390219186 0.0212828053 -0.0706132245 0.0377555945 0.0394842220 -0.5020468974 0.1830083025 0.3551785413 -0.1725296425 0.2292843486 -0.0228531018 
6217.mat 77.2915499727 -2.9972197859 1.1291090358 1.1818609167 0.1241920838 -0.4243933610 -0.5323286562 0.3957210578 -0.5100693713 -0.1630894058 -0.2079935134 -0.0814632477 0.2066255580 0.1938389655 -0.4615467018 -0.0978286673 0.0062787148 -0.4241490221 -0.2862073803 0.2422454862 
6245.mat 78.2654681735 -3.9397918906 -1.3912775015 -1.0647474236 -1.2044250949 -0.4534499757 -0.4509943873 -0.5406082934 0.2564119819 -0.0175826893 -0.0943787565 -0.0540942027 -0.1252565771 -0.3517288136 -0.2277769407 0.1453318288 0.2225455840 -0.0223822921 -0.1681125379 -0.1717191303 
6246.mat 74.5607527678 -0.5981092329 0.0595397994 0.2429883702 -1.4233668335 -0.7716797394 -0.6434426469 -1.1987142028 -0.1418548233 -0.8244347965 -0.0289754545 -0.1379784446 0.0034220615 -0.2909865992 -0.4435026421 -0.0526964927 -0.2095948966 0.2966148157 0.2997189186 -0.1282945530 
6258.mat 57.4417159612 -0.7943761585 -2.7109164844 0.3825521870 -1.7790162512 -0.6392991060 -0.2437633286 0.2327009286 0.2056232673 -0.4706504959 0.1473957249 -0.3665751350 0.2100446424 -0.1951467748 -0.3509577432 -0.3835454020 0.1204987614 0.1952491978 -0.1489978561 -0.1870975999 
6372.mat 62.8426821299 6.8736551824 -2.3169780444 0.8479079512 -0.7380609463 -0.1117919345 -0.8258006667 -0.1497415852 0.0549671619 -0.2351905130 -0.4373805655 -1.0432724406 0.7295462182 0.3270434722 -0.1571264710 -0.6159180862 -0.2443145435 -0.4186946019 0.2912790079 0.3622140903 
639.mat 78.8542898007 -2.9760197626 -1.6891515102 1.2563412248 -0.4591101759 0.2464185396 -0.1517903359 0.0894708240 0.0676242402 0.8766758828 0.1709068224 -0.3689214902 -0.0299439300 0.0738262013 -0.3334385916 -0.0699424308 0.4626812755 0.3084310759 -0.0329667120 -0.2218821974 
6500.mat 66.3028600118 -2.7930990069 -1.2752092261 -0.6300659183 -0.8122246628 -0.3209742779 -0.2473887949 -0.4305559790 -0.1038514143 -0.1411987108 -0.3400772668 -0.2616122995 -0.1357131252 -0.1628057380 -0.0256946452 -0.0565173091 0.1057170258 0.0027081381 -0.0719114440 0.0185088892 
6564.mat 67.8828708439 -2.2898231698 1.8266111992 -0.3546434498 0.0786629242 0.6895944805 -0.4380081220 0.6718519916 0.2992513884 -0.0406988010 0.2764017803 -0.0977089403 -0.0611461236 -0.0760124971 0.1911603289 0.0460512864 0.1071752218 -0.0348206064 -0.1011706322 -0.0506980747 
6577.mat 73.6030222745 -3.8529553946 -3.7365298133 3.7845415270 -1.0687928772 0.5929214096 -0.2251871887 0.5297045874 0.2107888903 0.4880491566 0.5525145878 0.2383259848 0.2389079415 0.1303679803 -0.4057786869 0.1676826368 0.1393728098 0.1977339863 -0.2440106336 0.1719737153 
6582.mat 73.7803690381 -4.5039818273 -0.9679075343 3.5838519987 -0.7493268814 0.5889237523 0.1615320157 0.3788300095 0.3962629452 0.5972209066 0.4134711628 -0.0898523886 0.0776621587 -0.0879676510 -0.2655012875 0.2232658947 0.2821413346 -0.0664096375 -0.2639762409 0.1961796362 
6609.mat 74.7236482345 -3.0826477928 -0.9073689492 0.3510349867 -1.1843746319 -0.5882300519 -0.7490224482 -0.2133967973 -0.3858778770 -0.4225375664 0.2556802101 -0.1315199351 0.0638662510 -0.2951944285 -0.1939104224 -0.3075133541 -0.4092791828 -0.2029938487 -0.2480673290 0.2086754360 
6615.mat 61.5201353433 3.5020339291 -0.7773687680 1.8383595086 -0.6466389995 0.2667615744 -0.5520638481 0.0197349059 -0.1839523793 -0.1464964782 -0.0235695596 -0.4829554261 0.5141017606 -0.6830257492 0.2172509302 -0.3104677965 -0.0140738623 0.3271053261 -0.1974239318 0.0477994835 
6661.mat 71.6821692269 -2.5118955704 -1.8237116141 1.2212406610 -0.7081820519 -0.0178527819 -0.7225060299 0.1776493006 -0.0608759951 0.7521488542 0.0991388042 -0.1827089299 0.8532173132 0.2045697935 0.1016551717 0.0567586595 -0.3314470473 -0.6682562152 -0.5056192997 0.0540801956 
6750.mat 68.8101687452 -1.0023004206 0.3268398901 0.5542610933 0.2414256327 0.2034181499 -0.6013640869 -0.3211680891 0.0184468955 -0.0872020710 0.2379589274 0.0079889177 0.1855287130 0.1546789588 0.1140515450 -0.1859232189 -0.1266783364 -0.1852895472 -0.2947911945 -0.0140524121 
678.mat 66.4241613743 -2.0837311725 -1.4196159818 -0.6372340982 -0.6136539515 -0.5033088294 -0.7237078558 -0.1086861593 0.2776583270 -0.1193382039 0.0253383667 -0.0246517348 0.0016745173 0.4619204883 -0.0247220537 -0.0054038774 0.1874206826 0.3752933768 0.1933069299 -0.0657657859 
6785.mat 78.8723204326 -5.1830361488 -1.1534903406 -0.7873569891 -0.2626194825 -0.8775630847 -0.4716993795 0.1783872940 -0.2125777641 0.0602104788 0.7091285176 -0.1478221807 0.0925708231 -0.0222058759 -0.3049291329 -0.4298555429 0.3026760032 -0.1427942931 -0.0072062614 0.2140294762 
6881.mat 79.2621688118 1.4568277981 -1.7891434542 0.0853489292 -0.5101644310 -1.2856220098 -0.9783333118 -0.3237488244 -0.7370116530 0.1204332872 -0.1157191721 -0.4674984006 0.3926703224 0.1287250718 -0.3628077312 -0.0812532825 -0.0069010939 0.1393855650 0.0574249269 -0.2103970294 
689.mat 66.5982384322 -1.7845749355 0.1448554644 0.8042761114 0.2782721197 0.3082582649 -0.2728639422 0.4959697173 -0.0710773733 -0.1134949124 0.4817828145 0.2748020502 -0.1836908299 0.0943711383 -0.3521164867 0.4707826041 0.2324655244 -0.0059071183 0.1719159190 -0.0474318495 
6917.mat 70.8526205090 0.5978203236 -0.3158851157 0.5967096192 0.5983631664 -0.6031343939 0.6461133847 -0.6276787868 -0.1488516177 -0.3978835304 -0.1472882546 -0.1176883037 0.6481707185 0.0059917298 -0.1998413649 -0.3014622861 -0.1665314650 0.5166259341 0.2797033447 -0.2947967014 
6973.mat 77.6443786944 -7.2022128676 -2.7357422057 0.9766974145 -0.4500367187 0.4163400835 0.0801511257 -0.5436790784 -0.1667470605 0.5522261999 0.1118263605 0.1108306742 0.3187472126 0.4998661111 -0.0337936087 -0.1036779057 0.2698167520 0.1501781794 -0.0664547467 -0.1563395796 
7014.mat 63.7571269312 -2.6490549854 -0.4062632408 -0.2341632416 -0.9466744512 -0.4800319369 -0.4532928045 -0.4890873826 0.1614310251 0.1699706613 -0.1018275457 -0.0506973760 -0.7051666237 -0.0794638759 -0.5211070163 -0.0712186083 -0.3429881804 -0.4212869060 0.0024605660 0.0346624680 
7020.mat 69.0622096626 -2.7349058564 1.0178071259 -1.7560276872 -0.2386132467 -0.1266339819 -0.4725401767 -0.3572707412 0.0107440923 0.1813999018 0.0066590455 -0.1664887916 -0.1017743111 -0.2527277091 -0.1410221047 -0.0073960596 0.1107611141 0.2832591665 0.0094773395 -0.3747439400 
7026.mat 74.2241355020 -1.8980611141 1.1623460161 -1.4879819994 0.4379161455 -0.0991326319 -0.3591021841 -0.5762410993 -0.1720134088 0.2751119434 -0.3460506548 -0.3295448536 -0.4549665871 -0.2960102951 -0.2231883833 -0.2181050310 -0.2025362798 -0.0850165005 0.0725186083 -0.2052829098 
7031.mat 69.1303316090 -2.5678023149 1.0297239233 0.6044017186 -0.4344867999 -0.6242360730 0.1096984010 -0.4070668681 0.2379626897 0.3139624845 -0.2412292840 -0.4231672823 -0.1563477453 -0.4258442211 -0.2315845578 0.2811596312 0.2116081966 0.1477948654 0.1837866029 -0.3601114600 
7050.mat 63.3978044592 1.0593227819 -0.9376467036 -2.3688572095 -1.0628710793 0.1809945919 -0.2784993526 0.4548582527 -0.8981487119 -0.5474288063 -0.0655716880 -0.2996682355 0.6267769042 -0.6220865451 0.3047320148 -1.0062866029 -0.3116129584 0.6255730098 0.1443142806 0.0132262308 
7066.mat 58.7912025871 0.3557641863 -0.6561891815 1.5313918309 -0.7185529245 0.2012480081 -0.1252368533 -0.1519802684 0.0148443904 -0.0065525581 0.1366937761 -0.0731542590 0.0800658370 0.2077640402 -0.1602604506 0.1664601066 0.0824012260 -0.1243012460 -0.0001202430 -0.2026138211 
7073.mat 67.3857129893 -4.6461847473 0.0003891200 1.1591366134 -0.6107142711 -0.3487947488 -0.5280577907 -0.0081465325 -0.0654422305 0.2052391912 0.2823925120 0.3500331005 0.5395627740 0.3507367776 0.1374317099 -0.3326940709 -0.3338911841 -0.0534909826 -0.8642201909 -0.2171872400 
7079.mat 69.6273648916 -4.2492829620 1.0134919262 1.1761719120 0.9991341806 0.6826937814 0.3537587659 0.0629472294 0.2365424132 -0.3964191563 -0.1112627279 0.1888336521 0.0466111011 0.6585042996 0.2568396711 0.2233577746 0.1757463515 -0.0336356390 0.0274621811 -0.0505131220 
7091.mat 67.4497679592 -2.4860493488 0.7094151097 1.5164961914 -0.1574689814 -0.1943955729 0.0929832636 -0.0158757167 -0.4501206702 -0.2293006997 -0.1896605736 -0.5416365395 0.2582377676 0.0088542413 -0.0894420410 0.2734054260 -0.0692654356 0.0958275945 -0.0860349726 0.0459618101 
7094.mat 57.8037921827 -1.1165514563 1.7779608278 0.8295185061 0.2590010927 -0.6080127190 0.4223876643 -0.0759995950 -0.0039591576 -0.1457987531 -0.2628472975 -0.1347561468 -0.0681900515 0.1653832374 -0.2886164474 -0.1179383931 -0.1227714550 -0.0394496932 0.1142684799 0.2251104355 
7108.mat 56.9570963922 3.0504583813 -0.5087879478 0.6561124733 -0.8371337733 -0.3508547554 -0.5936296620 0.3163028558 0.1213574593 -0.2885024084 0.1009924265 -0.0158931103 0.1242305238 0.4197379906 -0.1551547642 0.0441247271 -0.0092419861 0.0257206897 0.3134592002 0.0264238079 
743.mat 78.7778325225 -2.6321390180 -1.1167099876 -0.0675032479 -0.5081477069 -0.7669761316 -0.3162321997 -0.3112432737 0.3779303730 0.1735736358 -0.0633304386 -0.1381659531 0.0558200166 -0.0993756705 -0.1793945951 0.1746752299 -0.1865736994 0.0232357515 -0.0814456148 0.2575081174 
754.mat 78.9268251048 -4.3613045415 -0.5530359827 0.1584543965 -0.9091620725 0.3567272973 -0.0277956222 -0.0841332792 0.2727059901 0.2337025660 -0.2874478384 -0.1279307693 -0.1913368466 -0.3264133549 -0.4180620810 -0.1044709168 -0.1460707127 0.1395589451 0.1671692299 0.1843916300 
764.mat 66.7952966396 -1.9448489317 -2.4095825744 0.1621181068 -0.9537438308 0.0802543989 -0.7123927596 -0.1181707158 0.2083627473 0.3716894201 0.6669657550 -0.1728882066 0.6720585621 0.2498595196 -0.1912593079 -0.4208732860 -0.1982577018 0.0362294222 0.2088095015 0.3099940305 
778.mat 65.3111314095 1.0419607051 1.5152863539 0.9537838638 0.0172675492 -0.2095745777 -0.7132480970 -0.4474645555 0.7222752222 -0.3683204695 0.0584072040 -0.2270040857 0.2668349012 -0.4157518566 -0.3344513046 -0.2095036142 -0.4819305555 -0.4071288635 -0.7580740088 -0.5194300733 
795.mat 68.2932545314 -4.0505193853 0.0762249508 0.5441314386 -0.9204572713 -0.1586825706 -0.7858644482 -0.5547413591 0.0713503589 -0.4526226810 0.0542328643 0.0181719342 0.1807505483 -0.0183659539 -0.0471599727 -0.1149239898 -0.0712837939 0.0100326000 -0.3032678592 -0.1346018409 
815.mat 65.2803954656 3.4852312549 0.5184731879 0.3948176406 0.6489366143 -0.1630185859 -0.4814329886 0.1823438996 0.1755514613 -0.2964802203 -0.1354847439 0.4524508796 0.1855301216 -0.1400925128 -0.1774881822 0.0044172415 -0.1225819799 -0.0379728082 -0.2384447929 -0.1680225390 
819.mat 69.8060893011 1.7445660674 -0.1624140515 1.6288909701 0.3203936282 0.4037196791 -0.4443410698 0.2926104433 0.2086251246 -0.1207733918 -0.3177596817 -0.0156360590 0.2005852890 -0.1593192418 -0.0345540037 -0.1078266541 -0.4623935356 -0.1645044530 -0.0077237148 0.1335605962 
838.mat 75.5554747851 -1.2988135468 -2.2629191652 -0.4661393731 -1.0284464098 -0.3914190843 -0.7479670564 0.0677461212 0.4332350106 0.2561029988 0.1681356146 0.1291143042 0.0522944750 -0.2321460058 -0.3115747125 -0.5175515842 0.0091725683 -0.1884225209 -0.2107168594 -0.4583744530 
868.mat 68.5444021967 -5.4069023192 -0.9485335531 -1.2117965951 -1.0515781011 -0.3731759446 -0.1465826849 -0.6923834346 -0.5030965577 0.3363586864 -0.1174751429 0.0396177711 0.0440276828 0.2797064781 -0.0193962743 -0.3124546118 0.0623052507 0.0927469148 -0.0545262239 -0.0349159504 
878.mat 65.6853528102 -6.6239385073 1.8451116642 -0.8161143875 -1.5603014633 -0.0782216333 0.1452801568 0.3128879951 0.0778292149 -0.1742176098 -0.5065514574 -0.0891412474 0.3863123010 1.0967405882 0.3109556518 0.1196066443 0.8362780294 0.2710097318 -0.3352094085 0.2212461576 
900.mat 68.8398005886 2.7202447472 0.5260574492 1.2622857938 1.1629428219 0.1712824244 0.3398153541 0.4201192343 -0.0965534420 0.0370848213 -0.0481282472 -0.1427047235 0.6161301119 0.0255064697 -0.1781306990 0.2336971705 0.2755025639 0.3466986680 0.2327275322 -0.1363219816 
904.mat 72.2285663439 -2.6420971111 0.2521418732 1.8413457018 -0.2538061078 -0.0644588679 -1.5863590449 0.1149502410 -0.0854525531 0.1866448365 0.3307131358 -0.0066274788 -0.2682747772 0.4721762771 -0.0827897679 -0.6057900268 -0.1693791371 -0.4797306380 -0.1048444266 -0.2652379395 
